100 1.45853
120 1.92731
144 1.50786
172 1.8706
206 1.87607
247 1.77149
296 1.10534
355 1.10584
426 2.08332
511 1.07819
613 1.44746
735 1.12264
882 1.47621
1058 1.51491
1269 1.10965
1522 1.22962
1826 0.955905
2191 0.858032
2629 0.93361
3154 1.08486
3784 0.895616
4540 1.02475
5448 1.04535
6537 0.990253
7844 0.982928
9412 1.18633
11294 0.933314
13552 1.03626
16262 0.947168
19514 0.856364

100 1.3094
120 1.47977
144 1.52579
172 2.2673
206 1.54334
247 1.3012
296 1.30107
355 1.2719
426 1.19898
511 1.44931
613 1.22343
735 1.19505
882 0.963756
1058 1.18826
1269 1.10965
1522 0.915285
1826 1.09113
2191 1.00057
2629 1.06182
3154 1.00967
3784 1.07676
4540 0.904035
5448 0.816494
6537 0.888246
7844 0.854137
9412 0.864219
11294 0.89083
13552 0.881006
16262 0.873273
19514 0.861603

100 1.64101
120 2.84119
144 1.73201
172 1.53324
206 1.63245
247 2.562
296 1.50188
355 1.85513
426 1.47094
511 1.2817
613 1.0707
735 1.11798
882 1.03959
1058 0.984837
1269 1.03671
1522 1.07791
1826 1.14402
2191 1.41891
2629 1.13614
3154 1.02764
3784 1.042
4540 0.819549
5448 0.891144
6537 0.792763
7844 0.894968
9412 1.00952
11294 0.787374
13552 0.887386
16262 0.967409
19514 1.0201

100 1.56974
120 1.70885
144 1.10153
172 1.59833
206 1.10996
247 1.45725
296 1.27451
355 2.35245
426 1.32425
511 1.06312
613 0.908022
735 1.53552
882 0.979611
1058 0.932689
1269 1.18928
1522 0.998638
1826 1.04426
2191 1.09254
2629 1.06201
3154 1.15027
3784 0.733694
4540 0.867841
5448 0.887396
6537 0.883992
7844 0.849292
9412 0.900323
11294 0.918606
13552 0.855282
16262 0.816543
19514 1.03489

100 1.19844
120 1.49987
144 1.36694
172 1.47188
206 0.812249
247 1.74507
296 1.24232
355 1.43814
426 1.2142
511 1.15332
613 1.07696
735 1.30782
882 0.993974
1058 0.801592
1269 1.16656
1522 1.11883
1826 0.808346
2191 1.12513
2629 1.04776
3154 0.930265
3784 0.920435
4540 0.866604
5448 1.07848
6537 0.880947
7844 1.04076
9412 1.04871
11294 0.904695
13552 1.01181
16262 0.840128
19514 0.838301

100 1.98735
120 1.70697
144 1.7497
172 2.94528
206 1.52483
247 1.46189
296 1.24047
355 1.08717
426 1.25107
511 1.20989
613 1.1755
735 1.17823
882 1.14536
1058 1.11711
1269 1.06305
1522 1.13793
1826 0.954983
2191 1.53366
2629 1.25775
3154 1.02637
3784 1.08248
4540 0.923821
5448 0.999178
6537 0.734185
7844 1.17878
9412 0.874862
11294 0.87179
13552 0.804893
16262 1.06098
19514 0.970857

100 2.08319
120 2.31584
144 1.39084
172 2.99964
206 1.65033
247 1.31611
296 1.44749
355 2.7753
426 1.17924
511 1.40739
613 0.90802
735 1.30287
882 0.978533
1058 1.09459
1269 1.1309
1522 1.29355
1826 1.15341
2191 1.12195
2629 0.848785
3154 0.977435
3784 0.980769
4540 0.870652
5448 0.851642
6537 0.825067
7844 0.886387
9412 1.02837
11294 0.833806
13552 0.941225
16262 0.752327
19514 0.843731

100 2.47857
120 2.34004
144 1.03995
172 1.67645
206 1.26895
247 1.86241
296 0.838355
355 1.55712
426 1.32385
511 1.29373
613 1.35909
735 1.03798
882 1.3812
1058 0.9675
1269 1.17667
1522 1.08191
1826 1.19671
2191 1.15941
2629 1.05921
3154 0.73965
3784 1.00043
4540 0.854825
5448 1.03171
6537 1.01281
7844 0.853345
9412 0.833127
11294 0.955872
13552 0.847702
16262 0.995643
19514 0.82122

100 2.49376
120 1.47546
144 1.39193
172 1.30367
206 1.34245
247 2.37712
296 1.50119
355 1.70915
426 1.09534
511 1.21932
735 1.21657
882 0.990732
1058 0.959992
1269 0.945617
1522 0.879818
1826 0.787138
2191 1.11397
2629 1.12539
3154 0.77751
3784 1.16435
4540 1.11061
5448 0.885907
6537 0.954912
7844 0.99162
9412 0.988744
11294 0.790309
13552 0.962553
16262 0.812743
19514 0.962695

100 1.34643
120 1.94513
144 1.0481
172 1.51256
206 1.28057
247 1.41381
296 1.80693
355 1.38252
426 1.14083
511 1.14666
613 1.31385
735 0.984936
882 1.01784
1058 1.20058
1269 1.50827
1522 1.34717
1826 0.944999
2191 0.92147
2629 0.988204
3154 1.03795
3784 0.950452
4540 1.1852
5448 0.762798
6537 0.758004
7844 0.792374
9412 0.90018
11294 1.06761
13552 0.953259
16262 0.885503
19514 0.879687
